train_data=[
    [[1,0,0],[1,1,1],[0,1,0],[0,0,1],[1,0,0,0],[1,1,1,1],[1,0,1,0],[1,1,0,0],[0,0,0,1],[0,1,1,0],[0,1,0,0]], # AND Data
    [[1,0,1],[1,1,1],[0,1,1],[0,0,0],[1,0,0,1],[1,1,1,1],[1,0,1,1],[1,1,0,1],[0,0,0,0],[0,1,1,1],[0,1,0,1]], # OR Data
    [[1,0,1],[1,1,0],[0,1,1],[0,0,0],[1,0,0,1],[1,1,1,0],[1,0,1,0],[1,1,0,0],[0,0,0,0],[0,1,1,0],[0,1,0,1]]  # XOR Data
    ]

train_labels=[0,1,2]

test_data=[
    [[1,0,0],[0,0,1],[1,1,1],[1,0,1,0,0],[1,1,1,0,0],[1,1,1,1,1],[1,0,0,0,0],[0,0,1,0,0]], # AND Data
    [[1,0,0,1],[1,0,1],[0,0,0],[1,0,1,0,1],[1,1,1,0,1],[1,1,1,1,1],[1,0,0,0,1],[0,0,1,0,1]], # OR Data
    [[1,0,0,1],[1,0,1],[0,0,0],[1,0,1,0,0],[1,1,1,0,0],[1,1,1,1,0],[1,0,0,0,1],[0,0,1,0,1]] # XOR data
]

test_labels=[0,1,2]